197
20
2000
25
2500
30
3000
35
3500
40
4000
45
4500
50
5000
55
5500
60
6000
65
6500
70
7000
75
7500
80
8000
85
8500
90
9000
95
9500
100
10000
105
10500
110
11000
115
11500
120
12000
125
12500
130
13000
135
13500
140
14000
145
14500
150
15000
155
15500
160
16000
165
16500
170
17000
175
17500
180
18000
185
18500
190
19000
195
19500
200
20000
205
20500
210
21000
215
21500
220
22000
225
22500
230
23000
235
23500
240
24000
245
24500
250
25000
255
25500
260
26000
265
26500
270
27000
275
27500
280
28000
285
28500
290
29000
295
29500
300
30000
305
30500
310
31000
315
31500
320
32000
325
32500
330
33000
335
33500
340
34000
345
34500
350
35000
355
35500
360
36000
365
36500
370
37000
375
37500
380
38000
385
38500
390
39000
395
39500
400
40000
405
40500
410
41000
415
41500
420
42000
425
42500
430
43000
435
43500
440
44000
445
44500
450
45000
455
45500
460
46000
465
46500
470
47000
475
47500
480
48000
485
48500
490
49000
495
49500
500
50000
505
50500
510
51000
515
51500
520
52000
525
52500
530
53000
535
53500
540
54000
545
54500
550
55000
555
55500
560
56000
565
56500
570
57000
575
57500
580
58000
585
58500
590
59000
595
59500
600
60000
605
60500
610
61000
615
61500
620
62000
625
62500
630
63000
635
63500
640
64000
645
64500
650
65000
655
65500
660
66000
665
66500
670
67000
675
67500
680
68000
685
68500
690
69000
695
69500
700
70000
705
70500
710
71000
715
71500
720
72000
725
72500
730
73000
735
73500
740
74000
745
74500
750
75000
755
75500
760
76000
765
76500
770
77000
775
77500
780
78000
785
78500
790
79000
795
79500
800
80000
805
80500
810
81000
815
81500
820
82000
825
82500
830
83000
835
83500
840
84000
845
84500
850
85000
855
85500
860
86000
865
86500
870
87000
875
87500
880
88000
885
88500
890
89000
895
89500
900
90000
905
90500
910
91000
915
91500
920
92000
925
92500
930
93000
935
93500
940
94000
945
94500
950
95000
955
95500
960
96000
965
96500
970
97000
975
97500
980
98000
985
98500
990
99000
995
99500
1000
100000
