197
4
800
5
1000
6
1200
7
1400
8
1600
9
1800
10
2000
11
2200
12
2400
13
2600
14
2800
15
3000
16
3200
17
3400
18
3600
19
3800
20
4000
21
4200
22
4400
23
4600
24
4800
25
5000
26
5200
27
5400
28
5600
29
5800
30
6000
31
6200
32
6400
33
6600
34
6800
35
7000
36
7200
37
7400
38
7600
39
7800
40
8000
41
8200
42
8400
43
8600
44
8800
45
9000
46
9200
47
9400
48
9600
49
9800
50
10000
51
10200
52
10400
53
10600
54
10800
55
11000
56
11200
57
11400
58
11600
59
11800
60
12000
61
12200
62
12400
63
12600
64
12800
65
13000
66
13200
67
13400
68
13600
69
13800
70
14000
71
14200
72
14400
73
14600
74
14800
75
15000
76
15200
77
15400
78
15600
79
15800
80
16000
81
16200
82
16400
83
16600
84
16800
85
17000
86
17200
87
17400
88
17600
89
17800
90
18000
91
18200
92
18400
93
18600
94
18800
95
19000
96
19200
97
19400
98
19600
99
19800
100
20000
101
20200
102
20400
103
20600
104
20800
105
21000
106
21200
107
21400
108
21600
109
21800
110
22000
111
22200
112
22400
113
22600
114
22800
115
23000
116
23200
117
23400
118
23600
119
23800
120
24000
121
24200
122
24400
123
24600
124
24800
125
25000
126
25200
127
25400
128
25600
129
25800
130
26000
131
26200
132
26400
133
26600
134
26800
135
27000
136
27200
137
27400
138
27600
139
27800
140
28000
141
28200
142
28400
143
28600
144
28800
145
29000
146
29200
147
29400
148
29600
149
29800
150
30000
151
30200
152
30400
153
30600
154
30800
155
31000
156
31200
157
31400
158
31600
159
31800
160
32000
161
32200
162
32400
163
32600
164
32800
165
33000
166
33200
167
33400
168
33600
169
33800
170
34000
171
34200
172
34400
173
34600
174
34800
175
35000
176
35200
177
35400
178
35600
179
35800
180
36000
181
36200
182
36400
183
36600
184
36800
185
37000
186
37200
187
37400
188
37600
189
37800
190
38000
191
38200
192
38400
193
38600
194
38800
195
39000
196
39200
197
39400
198
39600
199
39800
200
40000
